(def sol1 {:placements
           ({:piece  {:shape               (0 0 :- 0 1 :| -1 1 :- -2 1 :| -2 2 :-),
                      :possible-placements ([2 3] [2 5] [7 2] [7 4] [5 4] [3 0] [6 5] [4 1] [4 5] [7 0] [2 1] [5 0])},
             :coords [3 0]}
             {:piece  {:shape               (0 0 :- -1 0 :| 0 -1 :| -1 -1 :- -1 -2 :|),
                       :possible-placements ([7 6] [2 3] [2 5] [7 2] [6 7] [7 4] [6 3] [4 7] [6 5] [5 2] [1 4] [2 7] [3 6] [1 6] [1 2] [3 2])},
              :coords [5 2]}
             {:piece  {:shape               (0 0 :- 0 -1 :| -1 -1 :- 0 -2 :- 0 -3 :|),
                       :possible-placements ([7 6] [2 3] [2 5] [6 7] [7 4] [6 3] [6 5] [1 4] [5 6] [2 7] [1 6])},
              :coords [7 4]}
             {:piece  {:shape               (0 0 :| 1 0 :- 0 1 :- -1 1 :| -1 2 :-),
                       :possible-placements ([2 2] [1 1] [1 3] [1 5] [6 4] [5 5] [2 0] [3 1] [6 2] [6 0] [3 5] [4 0])},
              :coords [2 2]}
             {:piece  {:shape               (0 0 :| 1 0 :- 2 0 :| 2 -1 :- 3 -1 :|),
                       :possible-placements ([2 2] [0 6] [1 1] [4 2] [4 6] [1 7] [0 2] [3 1] [3 7] [2 6] [3 5])},
              :coords [4 6]}
             {:piece  {:shape               (0 0 :- 0 1 :| -1 1 :- -2 1 :| -3 1 :-),
                       :possible-placements ([7 6] [7 4] [5 4] [3 0] [6 5] [4 1] [6 1] [5 6] [3 6] [4 5] [7 0] [5 0])},
              :coords [7 6]}
             {:piece  {:shape               (0 0 :| -1 0 :- -2 0 :| 0 -1 :- -2 -1 :-),
                       :possible-placements ([7 1] [2 2] [7 7] [7 3] [4 2] [6 6] [4 6] [5 7] [5 1] [2 4] [3 1] [3 7] [7 5] [2 6] [6 2])},
              :coords [3 7]}
             {:piece  {:shape               (0 0 :- 0 -1 :| 0 -2 :- 0 -3 :| 0 -4 :-),
                       :possible-placements ([7 6] [2 5] [6 7] [7 4] [5 4] [0 5] [6 5] [1 4] [5 6] [0 7] [2 7] [1 6])},
              :coords [0 7]}
             {:piece  {:shape               (0 0 :| 0 1 :- 0 2 :| 1 0 :- 2 0 :|),
                       :possible-placements ([2 2] [0 0] [1 1] [5 3] [1 5] [5 1] [5 5] [0 2] [2 0] [0 4] [3 5] [4 0])},
              :coords [0 0]}
             {:piece  {:shape               (0 0 :| 0 1 :- 0 2 :| -1 1 :| 1 1 :|),
                       :possible-placements ([1 1] [1 3] [1 5] [6 4] [5 1] [5 5] [2 4] [2 0] [6 2] [6 0] [3 5] [4 0])},
              :coords [2 4]}
             {:piece {:shape (0 0 :| -1 0 :- 0 -1 :- 0 -2 :| 1 -1 :|),
                      :possible-placements ([2 2] [4 2] [6 6] [5 7] [1 3] [1 5] [1 7] [6 4] [5 5] [3 7] [2 6] [6 2])},
              :coords [5 5]}
             {:piece {:shape (0 0 :- 1 0 :| 2 0 :- 1 1 :- 1 2 :|),
                      :possible-placements ([1 0] [2 5] [5 4] [0 5] [3 0] [4 1] [5 2] [0 3] [4 5] [5 0] [1 2] [0 1])},
              :coords [5 0]})})

